1,0,0,0,0,1,0,0,0,0,1,0,15,0,-10,1|
0.975902,0,0.218231,0,0,1,0,0,-0.218231,0,0.975902,0,15.0169,0,-10.5798,1|
0.975905,0,0.218231,0,0,1,0,0,-0.218231,0,0.975905,0,14.9361,0,-11.1945,1|
0.983855,0,0.179032,0,0,1,0,0,-0.179032,0,0.983855,0,14.9693,0,-11.6734,1|
